-2.366147041320800781e-01 -5.330071449279785156e-01 -2.381339073181152344e-01
-6.679730415344238281e-01 -1.130023002624511719e-01 -4.096031188964843750e-04
-3.424067497253417969e-01 -9.725809097290039062e-02 -9.174051284790039062e-01
8.201694488525390625e-02 -2.149815559387207031e-01 -5.626940727233886719e-01
6.262435913085937500e-01 -2.039098739624023438e-01 -5.744137763977050781e-01
-7.741451263427734375e-02 1.207447052001953125e-02 -2.385416030883789062e-01
-6.695966720581054688e-01 4.828014373779296875e-01 -2.595663070678710938e-01
1.825037002563476562e-01 4.149179458618164062e-01 -4.103140830993652344e-01
-2.530031204223632812e-01 -3.957476615905761719e-01 3.938713073730468750e-01
1.714754104614257812e-01 -3.245396614074707031e-01 9.145641326904296875e-01
2.527523040771484375e-01 -4.854278564453125000e-01 1.274309158325195312e-01
5.075559616088867188e-01 -4.303059577941894531e-01 2.952089309692382812e-01
5.067157745361328125e-01 -8.265585899353027344e-01 1.839189529418945312e-01
-3.740687370300292969e-01 2.560024261474609375e-01 6.863403320312500000e-01
-1.780824661254882812e-01 5.218648910522460938e-01 2.948913574218750000e-01
3.114795684814453125e-02 4.445724487304687500e-01 5.669975280761718750e-02
1.734867095947265625e-01 5.809259414672851562e-01 5.592823028564453125e-01
2.180385589599609375e-01 8.041954040527343750e-02 3.432359695434570312e-01
