-2.428531646728515625e-02 -2.795934677124023438e-02 -1.265589237213134766e+00
1.345958709716796875e-01 5.164232254028320312e-01 -1.089459419250488281e+00
-1.026694774627685547e+00 -6.137962341308593750e-01 -4.315738677978515625e-01
-2.366151809692382812e-01 -5.330066680908203125e-01 -2.381339073181152344e-01
-6.679735183715820312e-01 -1.130018234252929688e-01 -4.086494445800781250e-04
-3.424038887023925781e-01 -9.725713729858398438e-02 -9.174051284790039062e-01
-8.190522193908691406e-01 -7.805991172790527344e-01 -2.538681030273437500e-01
-6.084036827087402344e-01 -8.563847541809082031e-01 -3.110213279724121094e-01
-1.318268775939941406e-01 -7.382984161376953125e-01 -9.184360504150390625e-01
-8.925013542175292969e-01 -7.486104965209960938e-02 -9.020967483520507812e-01
8.201599121093750000e-02 -2.149820327758789062e-01 -5.626945495605468750e-01
6.262435913085937500e-01 -2.039093971252441406e-01 -5.744142532348632812e-01
1.473417282104492188e-01 -9.795947074890136719e-01 -6.240372657775878906e-01
6.357030868530273438e-01 -4.666318893432617188e-01 -9.873914718627929688e-01
1.051375389099121094e+00 -1.166176795959472656e-01 -4.561109542846679688e-01
-1.094279289245605469e+00 2.635774612426757812e-01 -1.693453788757324219e-01
-7.741498947143554688e-02 1.207447052001953125e-02 -2.385430335998535156e-01
-5.266971588134765625e-01 7.514705657958984375e-01 -5.222134590148925781e-01
-6.695961952209472656e-01 4.828023910522460938e-01 -2.595643997192382812e-01
-3.288822174072265625e-01 7.839641571044921875e-01 -8.385000228881835938e-01
1.825046539306640625e-01 4.149188995361328125e-01 -4.103150367736816406e-01
4.437217712402343750e-01 9.154539108276367188e-01 -3.606739044189453125e-01
8.701982498168945312e-01 5.216054916381835938e-01 -7.700347900390625000e-02
1.867218017578125000e-01 6.922197341918945312e-01 -7.805771827697753906e-01
8.918828964233398438e-01 4.907989501953125000e-02 -6.807870864868164062e-01
3.038377761840820312e-01 -1.180142402648925781e+00 9.895133972167968750e-02
-1.105363845825195312e+00 -1.352286338806152344e-01 7.824230194091796875e-02
-5.109992027282714844e-01 -9.957151412963867188e-01 1.844015121459960938e-01
-9.306430816650390625e-01 -5.443811416625976562e-02 8.589553833007812500e-01
-8.154058456420898438e-02 -7.338910102844238281e-01 8.945398330688476562e-01
-9.216108322143554688e-01 -6.922903060913085938e-01 4.798669815063476562e-01
-2.530026435852050781e-01 -3.957471847534179688e-01 3.938713073730468750e-01
-6.577053070068359375e-01 -3.842458724975585938e-01 8.418455123901367188e-01
5.067138671875000000e-01 -8.265595436096191406e-01 1.839189529418945312e-01
5.531740188598632812e-01 -9.042749404907226562e-01 5.523529052734375000e-01
9.797525405883789062e-01 -2.298121452331542969e-01 1.648979187011718750e-01
2.527523040771484375e-01 -4.854283332824707031e-01 1.274328231811523438e-01
5.075616836547851562e-01 -4.303030967712402344e-01 2.952032089233398438e-01
1.714754104614257812e-01 -3.245401382446289062e-01 9.145622253417968750e-01
-1.020552635192871094e+00 3.426742553710937500e-01 3.935050964355468750e-01
-1.780829429626464844e-01 5.218658447265625000e-01 2.948904037475585938e-01
-7.372317314147949219e-01 7.124538421630859375e-01 5.463428497314453125e-01
-5.724725723266601562e-01 6.144008636474609375e-01 9.415922164916992188e-01
-3.740687370300292969e-01 2.560024261474609375e-01 6.863412857055664062e-01
3.062238693237304688e-01 9.412851333618164062e-01 6.283845901489257812e-01
2.180385589599609375e-01 8.041954040527343750e-02 3.432350158691406250e-01
2.258491516113281250e-02 8.064699172973632812e-01 8.588600158691406250e-01
6.893262863159179688e-01 2.044506072998046875e-01 9.718980789184570312e-01
3.114795684814453125e-02 4.445724487304687500e-01 5.669975280761718750e-02
1.734867095947265625e-01 5.809259414672851562e-01 5.592813491821289062e-01
-6.034994125366210938e-02 1.155165672302246094e+00 5.950450897216796875e-02
