-2.841835021972656250e-01 -1.769662857055664062e+00 -1.006606578826904297e+00
-2.428531646728515625e-02 -2.796220779418945312e-02 -1.265589714050292969e+00
-7.802686691284179688e-01 6.518011093139648438e-01 -1.152457714080810547e+00
1.345949172973632812e-01 5.164213180541992188e-01 -1.089457988739013672e+00
9.673423767089843750e-01 4.941749572753906250e-01 -1.239410400390625000e+00
8.168888092041015625e-01 8.485965728759765625e-01 -1.057736396789550781e+00
-3.764729499816894531e-01 -2.145837783813476562e+00 -6.574926376342773438e-01
9.340333938598632812e-01 -2.069986343383789062e+00 -1.020717620849609375e-02
2.160797119140625000e-01 -2.336857318878173828e+00 -1.857023239135742188e-01
4.170370101928710938e-01 -2.069149017333984375e+00 -5.924673080444335938e-01
-1.004412174224853516e+00 -1.780829906463623047e+00 -1.013636589050292969e-01
-5.219097137451171875e-01 -1.487607955932617188e+00 -1.604738235473632812e-01
-4.185500144958496094e-01 -1.818696498870849609e+00 -1.189455986022949219e-01
-9.564514160156250000e-01 -1.534435272216796875e+00 -8.225812911987304688e-01
4.848623275756835938e-01 -1.948345184326171875e+00 -1.911211013793945312e-02
8.027801513671875000e-01 -1.230444908142089844e+00 -3.144516944885253906e-01
5.474090576171875000e-03 -1.686761856079101562e+00 -4.988846778869628906e-01
7.559061050415039062e-01 -1.291646003723144531e+00 -8.373908996582031250e-01
1.442708969116210938e-01 -1.479353427886962891e+00 -4.473533630371093750e-01
1.050800323486328125e+00 -1.493926525115966797e+00 -2.645177841186523438e-01
-1.026696681976318359e+00 -6.138014793395996094e-01 -4.315667152404785156e-01
-1.455254077911376953e+00 -6.205606460571289062e-02 -5.358066558837890625e-01
-1.276671409606933594e+00 -2.024316787719726562e-02 -9.299921989440917969e-01
-6.679735183715820312e-01 -1.130027770996093750e-01 -4.096031188964843750e-04
-3.532791137695312500e-01 -9.706492424011230469e-01 -8.236894607543945312e-01
-3.424057960510253906e-01 -9.725809097290039062e-02 -9.174041748046875000e-01
-2.366170883178710938e-01 -5.330071449279785156e-01 -2.381343841552734375e-01
-1.318268775939941406e-01 -7.382979393005371094e-01 -9.184350967407226562e-01
-6.084055900573730469e-01 -8.563880920410156250e-01 -3.110227584838867188e-01
-8.190531730651855469e-01 -7.806029319763183594e-01 -2.538661956787109375e-01
-8.925008773803710938e-01 -7.486152648925781250e-02 -9.020953178405761719e-01
6.357021331787109375e-01 -4.666352272033691406e-01 -9.873900413513183594e-01
6.262435913085937500e-01 -2.039089202880859375e-01 -5.744142532348632812e-01
8.201694488525390625e-02 -2.149815559387207031e-01 -5.626940727233886719e-01
9.811182022094726562e-01 -7.168321609497070312e-01 -5.155630111694335938e-01
1.473407745361328125e-01 -9.795942306518554688e-01 -6.240367889404296875e-01
1.608955383300781250e+00 -1.971573829650878906e-01 -1.952075958251953125e-01
1.415186882019042969e+00 -1.939058303833007812e-02 -9.212565422058105469e-01
1.051377296447753906e+00 -1.166167259216308594e-01 -4.561109542846679688e-01
-1.094279289245605469e+00 2.635765075683593750e-01 -1.693463325500488281e-01
-1.801329135894775391e+00 6.931018829345703125e-01 -7.917265892028808594e-01
-1.189016819000244141e+00 6.881361007690429688e-01 -8.851265907287597656e-01
-1.955335617065429688e+00 9.582233428955078125e-01 -3.437056541442871094e-01
-1.460804939270019531e+00 5.040597915649414062e-01 -6.802000999450683594e-01
-1.347644329071044922e+00 8.060550689697265625e-01 -2.427711486816406250e-01
-7.741594314575195312e-02 1.207447052001953125e-02 -2.385425567626953125e-01
-5.266971588134765625e-01 7.514715194702148438e-01 -5.222115516662597656e-01
-3.288831710815429688e-01 7.839651107788085938e-01 -8.384976387023925781e-01
-6.695966720581054688e-01 4.828014373779296875e-01 -2.595648765563964844e-01
8.918857574462890625e-01 4.907894134521484375e-02 -6.807861328125000000e-01
1.867218017578125000e-01 6.922206878662109375e-01 -7.805771827697753906e-01
1.825037002563476562e-01 4.149198532104492188e-01 -4.103140830993652344e-01
4.437198638916015625e-01 9.154548645019531250e-01 -3.606758117675781250e-01
8.701944351196289062e-01 5.216035842895507812e-01 -7.700443267822265625e-02
1.120523452758789062e+00 7.887840270996093750e-01 -7.656111717224121094e-01
1.792593002319335938e+00 4.391651153564453125e-01 -5.108780860900878906e-01
1.263057708740234375e+00 5.102100372314453125e-01 -3.194441795349121094e-01
1.534490585327148438e+00 8.602991104125976562e-01 -1.678180694580078125e-02
2.003955841064453125e+00 7.362804412841796875e-01 -2.512311935424804688e-01
-1.298783302307128906e+00 1.432947158813476562e+00 -7.389163970947265625e-01
-6.246747970581054688e-01 1.705034255981445312e+00 -3.038167953491210938e-02
-4.906744956970214844e-01 1.442001342773437500e+00 -6.917667388916015625e-01
-9.575533866882324219e-01 1.098101615905761719e+00 -3.873257637023925781e-01
5.074510574340820312e-01 1.609013557434082031e+00 -1.499295234680175781e-01
9.917917251586914062e-01 1.531854629516601562e+00 -5.885481834411621094e-01
1.488034248352050781e+00 1.198072433471679688e+00 -6.678361892700195312e-01
1.430880546569824219e+00 1.326575279235839844e+00 -2.951297760009765625e-01
1.769938468933105469e+00 1.040415763854980469e+00 -5.055031776428222656e-01
-5.194239616394042969e-01 -2.238992214202880859e+00 7.855052947998046875e-01
1.792135238647460938e-01 -2.494228363037109375e+00 1.866073608398437500e-01
1.414585113525390625e-02 -2.122939109802246094e+00 6.937627792358398438e-01
1.034051895141601562e+00 -2.181915760040283203e+00 3.093242645263671875e-01
-1.089509963989257812e+00 -1.802295207977294922e+00 6.268959045410156250e-01
-6.009101867675781250e-03 -1.368991374969482422e+00 7.058181762695312500e-01
-2.396678924560546875e-01 -1.352172374725341797e+00 8.291816711425781250e-02
-6.089429855346679688e-01 -1.872155189514160156e+00 4.817171096801757812e-01
-5.324897766113281250e-01 -1.341505527496337891e+00 9.761667251586914062e-01
-9.122366905212402344e-01 -1.249075889587402344e+00 6.472530364990234375e-01
5.256109237670898438e-01 -1.952808856964111328e+00 5.724391937255859375e-01
8.845386505126953125e-01 -1.280764579772949219e+00 9.482192993164062500e-02
3.038406372070312500e-01 -1.180142402648925781e+00 9.894943237304687500e-02
8.767099380493164062e-01 -1.365338325500488281e+00 5.856904983520507812e-01
-1.947272300720214844e+00 -1.377391815185546875e-02 7.832336425781250000e-02
-1.105363845825195312e+00 -1.352286338806152344e-01 7.824325561523437500e-02
-1.640456199645996094e+00 -2.900261878967285156e-01 4.449205398559570312e-01
-5.109939575195312500e-01 -9.957146644592285156e-01 1.844034194946289062e-01
-8.154106140136718750e-02 -7.338919639587402344e-01 8.945388793945312500e-01
-9.216079711914062500e-01 -6.922879219055175781e-01 4.798688888549804688e-01
-2.530040740966796875e-01 -3.957471847534179688e-01 3.938713073730468750e-01
-6.577048301696777344e-01 -3.842449188232421875e-01 8.418483734130859375e-01
-9.306397438049316406e-01 -5.443525314331054688e-02 8.589525222778320312e-01
9.797525405883789062e-01 -2.298116683959960938e-01 1.648969650268554688e-01
5.531740188598632812e-01 -9.042735099792480469e-01 5.523529052734375000e-01
5.067167282104492188e-01 -8.265566825866699219e-01 1.839189529418945312e-01
2.527513504028320312e-01 -4.854264259338378906e-01 1.274309158325195312e-01
1.714763641357421875e-01 -3.245410919189453125e-01 9.145641326904296875e-01
5.075578689575195312e-01 -4.303035736083984375e-01 2.952051162719726562e-01
1.199430465698242188e+00 -1.952261924743652344e-01 8.357868194580078125e-01
1.413595199584960938e+00 -5.318036079406738281e-01 4.768695831298828125e-01
-2.006423950195312500e+00 4.626436233520507812e-01 5.578851699829101562e-01
-2.025300025939941406e+00 2.584838867187500000e-01 7.726192474365234375e-02
-1.020552635192871094e+00 3.426752090454101562e-01 3.935041427612304688e-01
-1.410811901092529297e+00 7.381429672241210938e-01 8.436832427978515625e-01
-1.492956161499023438e+00 8.161621093750000000e-01 5.111188888549804688e-01
-1.780829429626464844e-01 5.218639373779296875e-01 2.948913574218750000e-01
-5.724735260009765625e-01 6.144027709960937500e-01 9.415903091430664062e-01
-3.740682601928710938e-01 2.560033798217773438e-01 6.863403320312500000e-01
-7.372326850891113281e-01 7.124547958374023438e-01 5.463428497314453125e-01
6.893272399902343750e-01 2.044506072998046875e-01 9.718990325927734375e-01
2.180376052856445312e-01 8.041858673095703125e-02 3.432359695434570312e-01
2.258396148681640625e-02 8.064708709716796875e-01 8.588619232177734375e-01
3.114700317382812500e-02 4.445724487304687500e-01 5.669975280761718750e-02
9.355058670043945312e-01 6.243333816528320312e-01 7.072525024414062500e-01
1.734857559204101562e-01 5.809240341186523438e-01 5.592823028564453125e-01
3.062238693237304688e-01 9.412851333618164062e-01 6.283845901489257812e-01
1.311279296875000000e+00 6.063270568847656250e-01 3.868055343627929688e-01
1.635662078857421875e+00 2.597484588623046875e-01 2.174224853515625000e-01
1.804248809814453125e+00 9.320831298828125000e-02 6.824369430541992188e-01
-1.020846843719482422e+00 1.148716926574707031e+00 1.480979919433593750e-01
-1.506897926330566406e+00 1.335517883300781250e+00 6.496047973632812500e-01
-1.299297809600830078e+00 1.515313148498535156e+00 2.805767059326171875e-01
-1.869584560394287109e+00 1.000524520874023438e+00 5.692863464355468750e-02
-6.034946441650390625e-02 1.155163764953613281e+00 5.950641632080078125e-02
-5.137042999267578125e-01 1.589753150939941406e+00 4.664773941040039062e-01
-1.455426216125488281e-01 1.292217254638671875e+00 2.667665481567382812e-01
7.469062805175781250e-01 1.528891563415527344e+00 6.057081222534179688e-01
3.274965286254882812e-01 1.526721954345703125e+00 2.030334472656250000e-01
9.965629577636718750e-01 1.529406547546386719e+00 2.095727920532226562e-01
9.909906387329101562e-01 1.378454208374023438e+00 8.228330612182617188e-01
5.539026260375976562e-01 1.135852813720703125e+00 4.808750152587890625e-01
1.722908973693847656e+00 1.369650840759277344e+00 2.923250198364257812e-01
-4.417257308959960938e-01 -1.928622722625732422e+00 1.067800521850585938e+00
4.683589935302734375e-01 -1.840449810028076172e+00 1.104421615600585938e+00
6.232051849365234375e-01 -2.718400955200195312e-02 1.153774261474609375e+00
-1.127919197082519531e+00 6.922178268432617188e-01 1.067945480346679688e+00
-1.285247802734375000e+00 2.144536972045898438e-01 1.045994758605957031e+00
1.048088073730468750e+00 9.591693878173828125e-01 1.037766456604003906e+00
